96
88
72
59
40
2
-17
-35
-43
-40
-44
-54
-67
-63
-57
-48
-46
-45
-42
-38
-22
0
22
31
32
42
49
57
51
38
30
25
15
0
-12
-20
-23
-24
-26
-27
-30
-32
-31
-26
-17
28
190
249
262
309
351
387
406
420
433
446
447
447
438
436
452
473
492
501
500
497
495
484
475
461
448
430
410
384
359
328
298
265
231
196
168
149
142
142
142
137
129
118
102
83
68
53
50
53
58
64
75
88
105
123
139
140
134
120
115
114
131
168
229
301
356
379
388
387
377
362
340
316
294
274
256
237
216
193
170
144
126
106
88
74
68
66
63
61
52
40
27
19
10
2
-2
-8
-11
-14
-22
-31
-40
-50
-59
-67
-70
-73
-73
-68
-72
-80
-85
-91
-97
-106
-112
-120
-127
-134
-140
-143
-148
-152
-154
-154
-157
-158
-157
-158
-152
-147
-144
-140
-142
-140
-140
-142
-147
-156
-165
-173
-180
-182
-184
-183
-186
-190
-189
-181
-178
-164
-149
-144
-149
-156
-164
-172
-180
-184
-190
-195
-200
-206
-210
-216
-219
-222
-219
-214
-211
-214
-218
-222
-226
-229
-230
-230
-225
-189
-110
-62
-50
-56
-70
-91
-112
-130
-146
-158
-166
-174
-180
-182
-180
-180
-178
-181
-188
-196
-200
-206
-210
-216
-218
-220
-222
-222
-222
-222
-220
-220
-218
-218
-218
-213
-214
-214
-218
-221
-223
-226
-226
-224
-216
-210
-209
-206
-202
-197
-178
-170
-170
-175
-181
-186
-185
-174
-165
-156
-154
-159
-165
-174
-180
-188
-195
-199
-200
-194
-182
-172
-144
-95
-60
-47
-50
-63
-72
-64
-18
48
82
98
98
74
48
24
18
34
65
113
152
163
153
130
104
95
76
94
128
163
184
187
172
160
154
157
193
249
290
310
313
298
275
249
222
209
213
239
263
284
323
369
405
434
452
471
488
491
504
514
518
522
518
512
505
494
484
474
464
